0 'DOS TUPIS                                         '		
8,18,11,21,24,16,26,7,39,22,5,44,13,29
-------------------------------------------------------------------------------------------
1 'DOS TIMBIRAS                                      '
13,44,10,18,8,5,39,9,26,7,11,21
-------------------------------------------------------------------------------------------
2 'DOS TAMOIOS                                       '
44,13,8,11,21,24,16,26,7,29,39,18,46
-------------------------------------------------------------------------------------------
3 'SAPUCAI                                           '
31,22
-------------------------------------------------------------------------------------------
4 'SATURNINO DE BRITO                                '
34,36
-------------------------------------------------------------------------------------------
5 'SAO PAULO                                       '		
0,1,22,10,39,41,20,40,11,14,13,28,34,15,27
-------------------------------------------------------------------------------------------
6 'RIO BRANCO                                        '
42,34,28
-------------------------------------------------------------------------------------------
7 'RIO GRANDE DO SUL                                 '		
0,1,2,11,41,20,40,39,14,43,22
-------------------------------------------------------------------------------------------
8 'RIO DE JANEIRO                                    '		
0,1,2,22,39,10,41,20,40,13,11,14,43,28,34,15,27,35
-------------------------------------------------------------------------------------------
9 'SANTA CATARINA                                    '      
0,1,22,10,39,41,20,11,40
-------------------------------------------------------------------------------------------
10 'ALVARES CABRAL                                    '     
1,5,8,9,22,26,41,44,20,13,18,21,19
-------------------------------------------------------------------------------------------
11 'AMAZONAS                                          '		
0,1,2,5,7,8,9,22,24,29,41,32,40,23,21,13,43,18,28
-------------------------------------------------------------------------------------------
12 'DOS ANDRADAS                                      '
22,33,28,43,14,31,46,17,33,43
-------------------------------------------------------------------------------------------
13 'AFONSO PENA                                       '     
0,1,2,5,8,10,11,21,22,25,41,44,18,14,43,28
-------------------------------------------------------------------------------------------
14 'DOS CARIJOS                                       '     
5,7,8,11,12,13,22,26,16,24,21,18,44,22
-------------------------------------------------------------------------------------------
15 'DOS GUAICURUS                                     '     
5,8,21,18,44
-------------------------------------------------------------------------------------------
16 'DOS GUARANIS                                      '		
0,2,14,43,28,42
-------------------------------------------------------------------------------------------
17 'EZEQUIEL DIAS                                     '     
12,25
-------------------------------------------------------------------------------------------
18 'ESPIRITO SANTO                                    '		
0,1,2,10,11,13,14,15,22,39,41,20,40,43,28,34
-------------------------------------------------------------------------------------------
19 'AFONSO ARINOS                                     '
10,20
-------------------------------------------------------------------------------------------
20 'AUGUSTO DE LIMA                                   '     
5,7,8,9,10,18,19,22,29,21,22,23,44,28
-------------------------------------------------------------------------------------------
21 'CURITIBA                                          '		
0,1,2,10,11,13,14,15,20,22,23,39,41,40,43,34,27
-------------------------------------------------------------------------------------------
22 'DO CONTORNO                                       '		
0,1,3,5,7,8,9,10,11,12,13,14,18,20,21,25,43,28,41,42,36,27,38,37,39,40,45
-------------------------------------------------------------------------------------------
23 'PADRE BELCHIOR                                    '     
11,20,21,40
-------------------------------------------------------------------------------------------
24 'PARANA                                            '		
0,2,11,14,42,28,43
-------------------------------------------------------------------------------------------
25 'CARANDAI                                          '     
13,17,22
-------------------------------------------------------------------------------------------
26 'OLEGARIO MACIEL                                   '		
0,1,2,10,14,42,28,43,14,40,32,41,22
-------------------------------------------------------------------------------------------
27 'OIAPOQUE                                          '     
5,8,21,22,36
-------------------------------------------------------------------------------------------
28 'DOS CAETES                                        '     
5,6,8,11,12,13,16,18,22,24,26,44,20,38
-------------------------------------------------------------------------------------------
29 'MATO GROSSO                                       '     
0,2,11,20,22,39,40,41
-------------------------------------------------------------------------------------------
30 'LEVI COELHO DA ROCHA                              '
41
-------------------------------------------------------------------------------------------
31 'ASSIS CHATEAUBRIAND                               '     
3,12,44
-------------------------------------------------------------------------------------------
32 'RAUL SOARES                                       '     
11,20,26,39
-------------------------------------------------------------------------------------------
33 'RUI BARBOSA                                       '     
12,44,12
-------------------------------------------------------------------------------------------
34 'SANTOS DUMONT                                     '     
4,5,6,8,18,21,44
-------------------------------------------------------------------------------------------
35 'SETE DE SETEMBRO                                  '
11,13,14,8
-------------------------------------------------------------------------------------------
36 'VINTE E UM DE ABRIL                               '     
4,21,22,27,15
-------------------------------------------------------------------------------------------
37 'VARGINHA                                          '
22
-------------------------------------------------------------------------------------------
38 'SARAH KUBITSCHEK                                  '
22,42,28
-------------------------------------------------------------------------------------------
39 'BIAS FORTES                                       '		
0,1,2,5,7,9,10,18,21,22,32,40,41,44
-------------------------------------------------------------------------------------------
40 'DOS GOITACAZES                                    '     
5,7,8,9,11,18,21,22,23,26,29,39,44
-------------------------------------------------------------------------------------------
41 'DOS GUAJAJARAS                                    '     
5,7,8,9,10,11,13,18,21,22,26,29,30,44
-------------------------------------------------------------------------------------------
42 'PAULO DE FRONTIN                                  '     
6,16,22,24,26,38
-------------------------------------------------------------------------------------------
43 'DOS TUPINAMBAS                                    '    
7,8,11,12,13,16,18,21,22,24,26,44
-------------------------------------------------------------------------------------------
44 'DA BAHIA                                          '    
0,1,2,10,11,13,14,15,20,22,31,34,40,43,41,39
-------------------------------------------------------------------------------------------
45 'DONA MARGARIDA GENARO                             '
22
-------------------------------------------------------------------------------------------
46 'SANTA TEREZA                                      '    
2,12
-------------------------------------------------------------------------------------------
